4: {((0, 4), (0, 3)), ((0, 2), (0, 1)), ((0, 1), (0, 0)), ((1, 2), (1, 3)), ((1, 3), (1, 4)), ((1, 0), (1, 1)), ((0, 0), (1, 0)), ((0, 3), (0, 2)), ((1, 4), (0, 4)), ((1, 1), (1, 2))}

4: {((3, 1), (3, 2)), ((3, 0), (3, 1)), ((2, 2), (1, 2)), ((1, 0), (2, 0)), ((1, 1), (1, 0)), ((2, 0), (3, 0)), ((3, 2), (2, 2)), ((1, 2), (1, 1))}

4: {((4, 4), (3, 4)), ((4, 3), (4, 4)), ((3, 4), (2, 4)), ((3, 3), (4, 3)), ((2, 4), (2, 3)), ((2, 3), (1, 3)), ((1, 2), (2, 2)), ((3, 2), (3, 3)), ((2, 2), (3, 2)), ((1, 3), (1, 2))}

1: {((2, 4), (1, 4)), ((2, 3), (2, 4)), ((1, 4), (1, 3)), ((1, 3), (2, 3))}

3: {((3, 2), (3, 1)), ((4, 3), (3, 3)), ((4, 0), (4, 1)), ((3, 1), (3, 0)), ((3, 3), (3, 2)), ((4, 2), (4, 3)), ((3, 0), (4, 0)), ((4, 1), (4, 2))}

p1 = (0, 4), (0, 3)
d1 = (0, -1)  (signum)
p2 = (0, 5), (0, 4)
d2 = (0, -1)  (signum)

filter(p2) dir == d1 && p2.1 = p1.0
    (p2.0, p1.1) => (0, 5), (0, 3)
