[59, 48, 81, 71, 11, 42, 42, 70, 42, 42]
112
[28, 47, 29, 27]
47
[19, 9, 30, 28]
30
[24, 149, 156, 7]
168
[31, 52, 25, 41, 41, 43, 43, 71, 52]
82
[32, 58, 48, 50, 52, 42, 32, 58]
76
[18, 1, 18, 19, 19, 19, 18]
37
[49, 34, 29, 24, 64, 46, 36, 68, 54, 29]
91
[35, 43, 27, 43, 27, 34, 40]
61
[68, 44, 56, 31, 32, 79, 41, 38]
102
[44, 29, 89, 38, 189, 79, 57, 24, 89, 211]
253
[59, 133, 105, 45, 158, 48, 54, 202]
202
[18, 18, 20, 26, 32, 16, 23]
52
[8, 23, 23, 15]
23
[18, 13, 5, 13]
31
[22, 8, 16, 12]
30
[71, 208, 165, 227, 159, 75, 163, 177]
238
[24, 9, 30, 20, 37]
44
[31, 14, 32, 2, 13]
44
[43, 15, 25, 21]
52
[25, 41, 9, 20, 26, 44, 31]
60
[44, 53, 13, 42, 56, 30]
65
[29, 7, 27, 36]
36
[235, 244, 214, 33, 199, 255, 29, 229]
256
[24, 40, 46, 42, 46, 8, 24, 67, 42]
70
[34, 20, 21, 16, 37, 54]
54
[55, 53, 38, 52, 70, 40, 48, 45, 56]
91
[53, 43, 52, 27, 43, 45, 24, 19]
79
[0, 15, 0, 15]
15
[2, 34, 7, 32, 45]
52
[12, 41, 28, 53, 53]
67
[33, 50, 20, 22, 3]
53
[64, 51, 78, 77, 70, 32, 39]
96
[82, 16, 47, 37, 48, 74, 39, 60, 69, 52]
104
[16, 5, 18, 23, 23, 41, 48, 32]
59
[158, 9, 30, 12]
188
[203, 186, 26, 26, 202, 221]
229
[43, 193, 184, 42, 48, 80, 188, 43]
228
[66, 78, 42, 45, 34, 33, 88, 76, 65, 70]
95
[20, 43, 18, 39, 32, 11, 37]
57
[30, 11, 42, 45, 42, 34]
62
[10, 7, 18, 20, 11, 10, 7, 20]
48
[121, 38, 11, 13, 29, 3, 127, 28]
159
[14, 18, 17, 4, 31, 31]
35
[19, 28, 22, 14, 21, 34, 31, 2]
64
[204, 191, 44, 17]
206
[43, 61, 38, 58, 29, 67, 34, 61, 33]
91
[27, 40, 44, 52, 22, 47, 45]
59
[32, 32, 25, 57, 43, 26, 17]
57
[32, 16, 21, 14, 46]
53
[22, 9, 37, 35, 19, 21, 34, 26, 21, 38]
54
[18, 31, 31, 35, 33, 18, 29]
53
[18, 31, 18, 18]
49
[1, 41, 11, 20, 20, 10, 20, 20]
41
[19, 46, 20, 29]
48
[66, 86, 17, 40, 49, 55, 29, 57, 86, 57]
113
[70, 46, 89, 31, 47, 37, 69, 63]
89
[10, 207, 199, 195]
209
[74, 50, 269, 303, 47, 70, 231, 56, 245]
304
[45, 36, 31, 48, 29, 33, 18, 25]
73
[208, 270, 224, 215, 61, 49, 28, 220, 37]
276
[21, 48, 48, 36, 18, 16, 34, 13, 10]
72
[49, 32, 49, 31, 14, 17, 30]
51
[33, 30, 17, 9, 35, 29]
50
[52, 68, 60, 69, 62, 110, 46, 78, 31]
112
[52, 69, 52, 72, 50, 79, 69, 35, 73]
90
[37, 46, 44, 19, 32, 36]
63
[124, 24, 16, 14, 134]
160
[33, 10, 31, 59, 34, 30]
64
[21, 9, 6, 21, 24, 3]
24
[179, 21, 162, 4]
179
[39, 34, 22, 33]
55
[169, 31, 221, 187, 5, 65, 23]
221
[23, 23, 55, 71, 12, 52, 60, 52, 60, 61]
95
[64, 81, 109, 103, 67, 36, 86, 75, 68, 62]
113
[33, 40, 62, 45, 20, 49]
85
[51, 71, 26, 101, 79, 54, 61, 101, 65, 89]
126
[68, 39, 42, 44, 51, 54, 55, 55, 38, 70]
111
[37, 2, 14, 29]
51
[43, 102, 32, 45, 6, 65, 63]
106
[37, 51, 21, 36, 24, 16]
51
[22, 35, 12, 26, 6, 29, 23]
41
[204, 17, 195, 178, 27, 205, 188]
205
[159, 27, 181, 47, 165, 162, 145, 150, 177, 165]
189
[32, 40, 17, 9, 17, 15]
49
[34, 28, 37, 19, 13, 15]
50
[44, 35, 41, 66, 38]
74
[45, 27, 49, 22, 35, 20, 26, 22, 18, 55]
79
[172, 30, 165, 168, 21, 192]
195
[69, 65, 66, 63, 63, 81, 70, 50, 70, 43]
107
[14, 10, 14, 24]
24
[48, 29, 40, 42, 78, 66, 36, 73, 58, 46]
98
[32, 139, 18, 132]
164
[215, 239, 277, 214, 59, 230, 73, 31, 239]
285
[54, 46, 77, 75, 63, 39, 56, 34, 70, 65]
91
[68, 60, 38, 21, 41, 56, 26, 41, 70]
78
[33, 16, 19, 23, 18]
42
[19, 13, 31, 37, 50]
50
[13, 13, 18, 51, 44, 50, 26]
68
[37, 17, 20, 37]
37
[24, 59, 66, 45, 59, 48, 60, 47]
94
[45, 66, 64, 68, 51, 42, 63, 37, 59, 52]
101
[196, 32, 20, 196, 12]
228
[87, 82, 99, 93, 84, 83, 80, 64, 97, 79]
122
[26, 26, 36, 15, 1, 24]
44
[44, 28, 53, 25, 44, 56]
67
[13, 24, 33, 70, 31, 46, 0, 14]
70
[23, 29, 15, 37, 23, 1]
38
[22, 15, 19, 34, 39]
54
[30, 14, 74, 42, 13, 43, 30]
89
[75, 23, 64, 46, 27, 72, 43, 68, 27]
95
[19, 2, 19, 2]
21
[39, 30, 45, 28, 30]
55
[23, 20, 43, 24, 44, 41, 13, 21]
67
[33, 31, 57, 50, 11, 29, 29, 38, 14]
80
[36, 31, 40, 53, 13, 40]
76
[40, 25, 53, 19, 37, 32, 35]
60
[34, 30, 35, 15, 50, 58, 16, 38, 36, 42]
65
[5, 10, 5, 5, 15]
15
[17, 17, 19, 2]
19
[173, 20, 38, 135, 20, 122, 0]
173
[11, 152, 163, 151]
163
[59, 62, 51, 64, 50, 51, 45]
96
[25, 28, 37, 43, 31]
54
[47, 8, 36, 38, 36, 29, 43, 61, 29]
78
[148, 142, 170, 24, 34, 40, 25, 28, 57]
197
[28, 50, 62, 44, 36, 12, 42, 56]
84
[22, 92, 59, 57, 80, 74, 23, 80, 21]
116
[32, 7, 26, 32, 24]
50
[7, 11, 14, 11, 4]
18
[217, 233, 227, 25, 217, 34]
239
[22, 6, 22, 3, 4]
25
[92, 63, 71, 66, 64, 56, 68, 74, 56, 83]
107
[36, 45, 60, 43, 39, 31]
93
[14, 18, 37, 32, 37]
51
[240, 238, 59, 207, 213, 200, 184, 232, 237]
259
[23, 203, 20, 23, 28, 197, 194, 186]
205
[36, 60, 79, 56, 42, 54]
96
[34, 42, 52, 51, 42, 169, 36, 57, 54, 132]
202
[58, 182, 54, 227, 229, 71, 206, 242]
246
[24, 9, 15, 24]
24
[59, 77, 77, 38, 40, 46, 64, 86, 55, 50]
112
[199, 16, 7, 213]
216
[32, 37, 67, 84, 53, 42, 28]
87
[16, 16, 19, 15]
36
[45, 58, 43, 45, 70, 59, 39, 34]
84
[55, 56, 10, 46, 53, 39, 58, 53]
88
[80, 135, 96, 85, 49, 73, 98, 97, 61]
150
[18, 47, 52, 152, 55, 51, 170, 38, 142]
218
[47, 35, 32, 15, 30, 0, 27]
50
[5, 24, 17, 4]
29
[49, 50, 37, 44, 65, 40, 21]
84
[25, 44, 72, 26, 72, 63, 61]
86
[44, 17, 59, 47, 70, 22, 77, 20, 38, 51]
107
[30, 27, 29, 26, 16, 1]
43
[44, 51, 64, 45, 45, 61, 26]
90
[32, 32, 28, 53, 28, 26, 42, 39]
66
[32, 64, 42, 44, 50, 33, 68, 51, 67, 52]
90
[176, 18, 173, 5, 20]
193
[73, 22, 59, 73, 30, 71, 50, 32, 30]
97
[39, 8, 18, 21, 13]
39
[60, 40, 42, 57, 58, 37]
102
[36, 29, 37, 28, 33, 11]
57
[118, 157, 125, 157, 14, 129, 39]
157
[20, 47, 25, 45, 59, 42, 38, 54]
96
[39, 65, 46, 89, 187, 162, 136, 38, 62, 48]
231
[206, 200, 28, 189, 29]
217
[9, 39, 65, 40, 1]
77
[20, 24, 23, 24, 22, 25, 29, 47, 32]
56
[17, 5, 36, 22, 47, 52, 57]
73
[45, 20, 43, 32, 50, 50, 23, 40]
72
[44, 47, 51, 47, 34, 30, 23, 58]
66
[45, 0, 13, 43, 15, 14]
58
[29, 35, 4, 36, 40, 25, 34, 30, 20]
51
[203, 193, 202, 188, 40, 214, 31, 194, 190, 197]
233
