[[9,4,[[6,8],7],[],9]]
[[[3,7,6]],[[9,[],[2,2,4,0,6],[0,2]],2,[[10],6,[],5],2],[[[5,3,5,4,10],10,[10]],3,5,[[7,2,4,1],6,6,5,[8,1,5]]]]
[ vs [
9 vs [
9 vs 3
N: 9 vs 3
[[[3,2,[8,10,1,2,1]],6,[[10,1],[],[6,1,1,0,7],[]],[8,7,[7,10,4],10],[[7,0]]]]
[[[10]],[]]
[ vs [
[ vs [
3 vs 1
N: 3 vs 10
Valid: 2
[[[5,2,0,[10,6,10],9],[],[1,2,8,[],8],[[6,4],0,2,[1,10]],[[],[10,1]]],[10,[3],10,[[5,4,8,5,10],[0],7,7]],[[[1,2],[0],3,[],[1,1,6,2,2]],10,[]]]
[[],[8,4,[[7,10,8],1,[10,7],7],4],[[0,[3,8,0],3,[9,1,5,4],[4,4,2]],8,7],[2,1,[[2],[10,4,8],1,[7,10],[2,5,9]],[2,[7],[2],[1,10]],4],[[5,[1]],10]]
[ vs [
[ vs ]
[[0,[[],[5,6]],[],8],[[[0,8,1,8],9,[4,0,1]],[[5,9,8,0,6],2,[8,8],4],[[6,6,7,7,1]]],[],[]]
[[3,[5,1,3,0,[]],[]],[],[10,8,1,2,8],[[[],7,3],[9,1,[],9],[[4,2,7,3]],10,6],[]]
[ vs [
0 vs 3
N: 0 vs 3
Valid: 4
[[5,[4,0,[10,3],[0,5,5,5],7]],[[],3,[[6]],2,4],[1],[1,[]],[[[0,8,3,1,8]]]]
[[[[8,1,1],[1,3,2,8,0],10,8],[],[1,5,2,[2,5]],0,[[9,6],10]],[3,2,[[0,10,4,1],10,9],[[1,1,0,7,0],[5,3,3,10,9]]],[[],[[1,9,6],5,[9],[2,6,3,2],0]],[]]
[ vs [
5 vs [
5 vs [
5 vs 8
N: 5 vs 8
Valid: 5
[[[[2,6,8,2],[6,5,8],[],[10,6,2,2]]],[8,[[4,7,2,9,3]],2],[[2]],[9,0]]
[[[10],[[10,1]],0,[6],[[7,10,6,9],3,1,[6,6,9,6],[7,8,1,7,6]]],[5,1,[5,[4],[7,3,0,3],7],[[1,0,10,1],[9,2,0,10,6],[1]]]]
[ vs [
[ vs [
[ vs 1
2 vs 1
N: 2 vs 1
[[2,[],10,9,[2,[4,10],[0,2,9,10],[4],[5]]],[[1],2,7],[],[4,9,3],[]]
[[1],[8,[]],[6,[],[[10,5,8,6]],3,[[5,9,9,9],3,0,[9,1],5]],[7]]
[ vs [
2 vs 1
N: 2 vs 1
[[3,[]],[3,[10,[8,4,5,7],[1,8,10,5],3,9],[[7],4,2,[],[3,3]],2,[3,9]],[[[10,8],9,6,0,[3,7,4]]]]
[[[10,[10,10,3,2]],5,4],[7,[3,[7,8],[8,6,2],9],[[3,4],[4]],[],[1,[5,3],4,9]],[[[5,1,10],[7,0,4,6,6]],5],[4,[[4,1,8,0,0],7]]]
[ vs [
3 vs [
3 vs 1
N: 3 vs 10
Valid: 8
[[10,6,[]],[],[[[7],6,3]]]
[[[]],[[8,[8,4,7,2],[0,4,7]],[[9,3,7],7,[4,2,10],[10,5,10,0]],[6,[5,7,4],[10,5,10,3]],7,7]]
[ vs [
1 vs [
1 vs ]
[[9,[[1],2,10],[],3,7],[3,2,3,7],[8,[7,6,[],[1,7,10],[9,8,1]]],[2,[[2,1,2,1],[1,0,8],5,10,0],4],[[[],[7,7]],[[],[6],[2]],0,[[],[6],[1,9,3]]]]
[[3,6],[[2,3,[],7],[6,3,[9],[9,10,1,0,10],[8,6,4]]],[[[5,2,2],[5,5],[8,4]],2,[3,3,7],[[4,3,4],[2,4,10,3]],5]]
[ vs [
9 vs 3
N: 9 vs 3
[[3,[],8],[1,[0,[10,7,7,0]]],[5,5,10],[[6,1],2,[2,8,9,4,0]],[9,3]]
[[9],[1,5]]
[ vs [
3 vs 9
N: 3 vs 9
Valid: 11
[[[[7,6,5]],[[5,2,1],[]],3,2],[],[4,[[10,9,3,8,8],10,8,[3]]]]
[[10,[0,10,[3,7],1]]]
[ vs [
[ vs 1
[ vs 1
7 vs 1
N: 7 vs 1
[[10,[[8,4,5,1],[2,3],[5,9,5,0,10]],1,8,[]],[[],5,[6,3,8]],[6,2,[[],[7],10],2]]
[[3,9],[[4,0,[3],[1,8]],[[9,4,2,4]],4,10],[[0,[4]]],[],[[[5,10,4,1],[]],[7,[9,4,6,0,5]],6,[9,[9,2],[3,9,0,8]],0]]
[ vs [
1 vs 3
N: 10 vs 3
[[4,[[1],[6,1,9,0,3]]],[2],[0,[1,10],[],[[0,2,2,0,10],[5,1,6,0,4],4,[0,7]]]]
[[2,3,1],[],[],[0]]
[ vs [
4 vs 2
N: 4 vs 2
[[7,5],[8,6,0],[[7,7,[9,0,7],6],[]],[[],5,5],[0,[[0,10,4,10,4],[4,7,8],[1,5,4],[],6],[6,[9,2,8]]]]
[[[[10],8,[],1]],[6,[[0],6,5,2],[[4],7,[7,8,10,10],3],[[1,7,8,0],[9,8,0]]],[[],5]]
[ vs [
7 vs [
7 vs [
7 vs 1
N: 7 vs 10
Valid: 15
[[4,6,[3],[[3,4,3],[4],0,9,4]]]
[[],[8,[[7,4,9,8],[],[5,2,5,6]]],[[6,10,2],[1],[],3]]
[ vs [
4 vs ]
[[],[10,4,5,2,[5,1,[0,3,9,7,6],0,[5,6,10,3,1]]],[10,[5,3,9,[6,8],[6,2,2]],[[]]]]
[[[[9,3,4],[],0,3,[]],5,[2,6,3,9],[8,7,[3],3,1]],[7,[],[3,[],[],[2,2,1,7]],[8,[0,0,7,0],2,6,10]]]
[ vs [
] vs [
Valid: 17
[[[1,[9,2,3,3],9,[8]],[9,[1],2,1,[3,8,6]],3,2],[[[3,4]],[6,[9,9,5,3],9]],[2,2,7]]
[[[[9,6,1,4],[],3,7],[7]]]
[ vs [
[ vs [
1 vs [
1 vs 9
N: 1 vs 9
Valid: 18
[[4,3,[6,5,[1],5],[[7,10],4,[7,2,2,6,1],3],[[8,3,9,1,0]]]]
[[7,[0,6,1,1],3,[[4,8,5,5,1],[8,9,3]],5],[[],[6,9,[7,0,3,6]]]]
[ vs [
4 vs 7
N: 4 vs 7
Valid: 19
[[],[[8,3,0],5,5,[[6,8,0,0,4],[1,1],7,[10],7],6],[5,[[],[10],5],[[7,6,2],6,6]],[1,10,[[3,3,8]],[[]],6],[5,10,[[8,10,1,10,2],2]]]
[[[0,[5]],[[4],[3,8,6,7,5],[0,7],[6,0,4,8],8]],[2,7,[[10,6,0],[0,2,6,3,5],[5],0,2]],[[[6,6],8],3,7,[[9,1,5],0,[9,5]],3],[],[[8],[],8,3]]
[ vs [
] vs [
Valid: 20
[[10,3,[[3,4,10,4,8],1,[8,7,3,10,1],8,[5,9]],8],[[[1,2,8,7],7,8,0,[]],[[7,3,8],[],2,[]],[[10,10,2,2]],8,[[0,2,9],[5,0],2,[8,9,3,3]]],[],[[]],[3,[2],6,1]]
[[[],[]],[[1,0,3,[]],[[0,6,6,10],3],[[5],8,[8],6,[3,7,1]]],[7,6,7,[9,[5,9,2,5],[8,0,3,8],2],2],[[7],0,2],[9,[2,3],9,6]]
[ vs [
1 vs [
1 vs ]
[[3,5,9,7,5],[10,[[5,8,1,7,10],[3,2,7,1,6],[8,0,1,8],6],7],[],[5,8,[4]],[]]
[[6,[0,2,6],[],9,7]]
[ vs [
3 vs 6
N: 3 vs 6
Valid: 22
[[0,1,[[4]],10,[]],[7,[4,9,[6,8,8]],0],[[[2,3],[],4,1]],[10,3,[],1,1]]
[[5,[],[[2],0,4],10,10],[[0],10,[9,8,[8,7,2]]],[6],[9,0,2,2]]
[ vs [
0 vs 5
N: 0 vs 5
Valid: 23
[[7,8,[[8,1]],[]],[9,4,[5,[10,8]],0],[10,4,[7,4,[],7],4,[]],[9,10],[[],[[3,9,4,3],6,[6,1,6,5],[]],[9],[8,[],[1,9,3,3,2],[4,10],3],5]]
[[9,[]],[0,3,[],1,6],[10,3],[[[2,7,9],[4,3,7],[8,1,1,7]],10]]
[ vs [
7 vs 9
N: 7 vs 9
Valid: 24
[[[[7,3,4,6],3,6,[1]]],[6,1,[2,7,7,0,[5,6,7,8]],[[0,9,10,9,9],5]]]
[[6,[],0],[10,6]]
[ vs [
[ vs 6
[ vs 6
7 vs 6
N: 7 vs 6
[[1,2,[[2,0]],[]],[5,[[7,1,5,0,5],[2,5],[8],3]],[[[1,9,3],[0,4,0],[4,2,0,9],6],[[8,10,1,10,0],8,7,[3,7]]],[8,[3,8,[],3],1,2]]
[[[[7,10,5,10],[]],[9,2,[]],0,[7],4],[[],3],[]]
[ vs [
1 vs [
1 vs [
1 vs 7
N: 1 vs 7
Valid: 26
[[[[10,7,8],8,[0,6,10,2,9]],[1,[7,10,8,0],[6,4],6],6,10]]
[[[],1,0]]
[ vs [
[ vs [
[ vs ]
[[[[9,3,3,8],5,[6,3],[]],0,7,4],[0]]
[[[],[[0],[5,9,5,7],[3,10,7,0,1],8],10]]
[ vs [
[ vs [
[ vs ]
[[6,4,7,[]],[3,[5,[10,3,3],3,8,0],7,[0,[2,5,9],4,[9]]],[8,0,[[7,0,6,6],[7,6,6,7,1],[2,7,4,7]]]]
[[[6,[2,2,0,5,2],1,[10,8],5],7,[[],[10,9,0,7,9],2,5],[[6,8,4,3],[],5]],[0,[2,4],7],[[4,3,[7],2,9],9,9]]
[ vs [
6 vs [
6 vs 6
] vs [
Valid: 29
[[4,[2,[2,2,6,8,5]],[],0],[[3,[2,6,6,3],1],9,4,[[8,9,0],[],[0,1,1],[5,8,0,7],9],[[7,3,8,3,9],[],[1],8]],[4,[1,6,2,[]]]]
[[],[9,3,5,6],[],[0,[],[],[6,[9],10,[1,10,6]]]]
[ vs [
4 vs ]
[[[[0,4,0,7],[3,7,10],[2,1],0,[10]],5,6,[]],[[[3],0,[5],[1,1]],[[4,5,1,6,6]],[[3],[3,7,8]],4,3],[[5],10,[2,7,9,10]],[[0],[[],[6],1],[],[[0,10,6,3,1],[0,2],[8,4,3,10,3],2],[[7,7,3,2]]],[10,[1],5,1,[]]]
[[[]],[8,[]],[4,5,1,1],[0],[[[4,8],[]],[8,[4,4],[2]],[[7,0,0,10,9],2,10,[4,4,1,3]],[4],[]]]
[ vs [
[ vs [
[ vs ]
[[7],[[1]],[[[]],2,[9],[1,[10,7,7]]]]
[[[[1,8,0],3,[5,7],[9,9,10],[1,6,0]],9,[[5,0,0],8,[8],10],[0,9]]]
[ vs [
7 vs [
7 vs [
7 vs 1
N: 7 vs 1
[[8,6]]
[[0]]
[ vs [
8 vs 0
N: 8 vs 0
[[[]],[[[10,0,6,7,2],2,0],10,6],[],[[],[0,[6,0],8]]]
[[[3,0,[10],3,4],6,1,3],[[3,5,3],[]],[5,9,[],9,[[6,10,0,8],[0,6,6],[0]]],[],[[5,[3,5,7],5],[],3,2,4]]
[ vs [
[ vs [
] vs 3
Valid: 34
[[0],[[1],[[1]]],[10,6,[6,[7,10,5,3,1]],[[4,6,1,3,2],5]],[]]
[[[8],3,[4,9,2]],[7,0,[[5,10,4,4,0],8,[7,1,6],3],[0,0,4,2,[4]],[1,[5]]],[]]
[ vs [
0 vs [
0 vs 8
N: 0 vs 8
Valid: 35
[[],[[[4,3,10,6,2],6,[9,2,0,10,10],[9,3,4]],[[],[8],[3]]]]
[[6,[9],[7,8,5,[3,2],8]],[[[0,8,0,9],[2,4,1,3]],1,3],[9,[3,[3,0,9],[],4]],[],[[10,2,5],[[1]]]]
[ vs [
] vs 6
Valid: 36
[[[5,0,[]],[[2,2,5],[3,7,4,1,1],[4,6,9],3],9,[[4,10],[10,0,1,3,3]],5],[[2,[1,1]],2],[9,[]],[4]]
[[]]
[ vs [
[ vs ]
[[5,[6,[0,6,3,6],8],[[1,3,8,0],3],1],[0,[2],0],[[10,2,8,9,2]],[[2,[1,9,6],1,1]]]
[[[4,[10],[6,3,10,9]],[[3,0,0,10,3],[1,6,9,3,0],[1,6,8,1,10],[6,7,2,2,7],5],8,7],[[9,3],6,6],[[9,5,3,[9,10,7]]],[[[9,8,4],3,9],[]],[]]
[ vs [
5 vs [
5 vs 4
N: 5 vs 4
[[[[5],[]]]]
[[0],[2,[[9],3,7],[1]],[7,8,[[9,1,0],4,3,4],9],[9,[[5],7,7]],[9]]
[ vs [
[ vs 0
[ vs 0
5 vs 0
N: 5 vs 0
[[],[[[],8,[0,7]],[8,[3,9,7,7],8,[6]],[9,2,3,[5],7],0,[10,2,5]],[[[2,5],10,[]],[2,1,[0,8,5,5],[8,4,0,6],1],[[7,3,0],4,6,[6]],[[9,4,1,8,2]]],[3,3,[0,6,[9,2,7,7]],3]]
[[[1],[[4,0,4],2,9,6,8]]]
[ vs [
] vs [
Valid: 40
[[0,5,[3,2,3,7,8],4,[[]]],[[5,2,[1]],[3,[8,0,7,8],[5,9,4,2,5],[4,1,2,3],[3,0,9,10]],[],2]]
[[10,[[4,1,3,6],[],1,3,0]],[[10]],[3,[9,10,[],[]],7]]
[ vs [
0 vs 1
N: 0 vs 10
Valid: 41
[]
[[[[5,10],4],[9,7,4,3],[3]],[[1,[8,0,6,5,6],8,2],[],[[10,1,1],[7,8,3,10]],[[],7,4],3],[]]
] vs [
Valid: 42
[[],[4]]
[[4,10,[[10,6],[7,3,9,2,0],9,0,2]],[[8,0]],[6,[[],7,4]],[[],4,[[6,7,0,10,9]],[[1,0,2,1],[],[],4,[3,3,7,0,6]]],[[7,7,[]],[10,0,1,[8,2,2,9,10]],4,9]]
[ vs [
] vs 4
Valid: 43
[[[10,[9,0]],1,3],[3,[[],[1],3,1,[2]]]]
[[6,1,[3,[10,10,5,1,0],0,[1,10,9,2,3],[6]],[[1,6,4,4,4],[0,2,2],[3,7,5],6]],[[[0],4,[1],[1,0,9]],[[]],0]]
[ vs [
[ vs 6
1 vs 6
N: 10 vs 6
[[],[[9,5,[9],[10,5,9,1]],[[],5,[10,2,9,9,4]]],[[9,5,[2]],[[4,9],[],[10,6,2,4],2,2],[1],9],[[[7,6,8,8],[7],[2,5,7]],4,[2,1,2]]]
[[7,[[3,8,10,9,4],5,[10,2,7,8,2],[9,1,8,1],[]],[[],5,5,[8,3,2,7],10],2,[[7,7,4,5],9,[2,7],4,6]],[10,[6,3,[0,8,4,10]],3],[1,[9]],[4,[[0],8,[0,3,6]],[[0,9,4,7],[9,10,7]]]]
[ vs [
] vs 7
Valid: 45
[[[[7,5],10,[8]],2,[8,[8,0,4,10,8],1]],[9,10,3],[]]
[[[1,[7,6],3,[2,9,5,8]],1,1],[[[6,10],9,5,1]],[5,2],[8,[[10,2],3],[5,[2,5]],9,[[10,6,4,2,2],4,[4,9,3,2]]],[5,[[0],5,0,[2,9,0,0,2]],2]]
[ vs [
[ vs [
[ vs 1
7 vs 1
N: 7 vs 1
[[3,5,[[10],[1,10,5,8,6],6,8]],[[4,[]],9,[2],8],[1,[[10,10],[2,1,4]]]]
[[[],10,[]]]
[ vs [
3 vs [
3 vs ]
[[],[0]]
[[[[10,2,4,8,6],[],6,3]],[[5,[2,6],10,2],[]],[[],10,[6,9]],[],[[4,[4,7,8],[0]],10]]
[ vs [
] vs [
Valid: 48
[[],[[[2,5,4,1]],[]],[],[[],10,[[]],3],[[[9,0,4,3,3],0,10,[6,3,1,10]],9,[10,[3,4,0],5,10],[[4,8,7,1],3,3,6,[10,4,1,5]]]]
[[7,[[6],8,[4,9,5]],[[7,8,6],[9,2,5,10,6],[],10,10],[7],[[5,0,3,4],10,[10,10,2,9],[0,8,4,8],[7,7]]]]
[ vs [
] vs 7
Valid: 49
[[[[],6,[5],8],5,10],[3,[[1,8],6],[[3,4],[1,8],2,[7,10],9]],[10,[[6,7],0,4]],[0,3],[1]]
[[7,4,1],[[6,[5,6,8],6,1,1]],[3],[[[10,1],1,[],2,[1,4,7]],[[0,0,9,2,10]]],[]]
[ vs [
[ vs 7
[ vs 7
] vs 7
Valid: 50
[[[4,[1],10],1,[[3,10],[4]],[],[10,10,6,9,[0,2]]],[9,[4,9,[4,0,8,0],[]]],[[[8],[5,2,1],[8,5,0,6],[6,8,5],6],[[],[]],[6,[7,7],[7,7,4,4,4],[8,2]]],[]]
[[4,2,9],[[]],[4,8,2],[[10,7,2,[1,5,4,1]]],[]]
[ vs [
[ vs 4
4 vs 4
[ vs ]
[[[8],2,[6,8,7],9,[]],[[7],[5,4,[6,10],[]],[4,[2],[8],3,[8,4,2,7,9]]]]
[[[4,[7],2,8],5,[[10,5,5,8],[6,2,5,3],6]],[[6,0,5],[[8,6],3,7],[],[]],[[2,9,[4,4,4],10,[7,5,7]],[4,1,7,[6,6,1,5,8]],[],[2,9,10,7,1]]]
[ vs [
[ vs [
8 vs 4
N: 8 vs 4
[[1,9,[],[]],[[7,2,8],7,0,[]],[[6,8,[],2],[],0,0],[[[],[3,3,9],[9,6,6,6]],5,[1,[9,3]],8],[8,[[10,6,3],[3,2,1,4,3],4,[6,3]],2,[]]]
[[[[],[2,3,3],1,[9],[2,4]],[]],[[[],6,5],[8,[1,6,5,9,0],[4,6],[0]]],[],[],[[[7,1,1],4,[0,9,7,8],1,2],[],[],[[],3,8]]]
[ vs [
1 vs [
1 vs [
1 vs ]
[[9,[],7],[[9,[7,0,4,6]],3,[[5,1,8,2],[4,8,9,5,4],4]]]
[[[[3,2,3,2,0],[0,4,5,7,7],[0,3],[2,7,9],[]],[0,10,[]],7,[0,3,[9,4,10,4]]],[[5,[1,3]]],[[10,[7,5,0],[6,4,5,9,6]],[[0,9,3,3,5]],[0]],[6]]
[ vs [
9 vs [
9 vs [
9 vs 3
N: 9 vs 3
[[4,[3,8,2],10],[1,[1,5,4,[7,8,10,2]],[4,[]],[]],[[1,[6,3],0],[1],9,[[],[]]],[[[7],[1],8,[8,5,10,9],[0,1]],9,10,[9,9,[9]],[4]]]
[[8,[5],2,[]]]
[ vs [
4 vs 8
N: 4 vs 8
Valid: 55
[[[[3,7,4,0],8,[3,1,1,9,9],[1,2,10,1,0]],0,6,2]]
[[[8,[2,4,4],4,4],[0,0,[3]],9,1,[]],[4],[9,[],[0,[],[],[0,8,3,8]],[[],9,7,10,[1]]]]
[ vs [
[ vs [
[ vs 8
3 vs 8
N: 3 vs 8
Valid: 56
[[8,[[5,10,4,0,7],[3],4],[[1,1],3,[],[2]]],[[],[10,[]],[[5],6,4,4,[9,3,4,5,0]],[],0],[[3],8]]
[[],[0],[[[5,6]],0],[[8,[3],[8,6,3],[]]]]
[ vs [
8 vs ]
[[[[5],[4,0],[4],[],[8]],[[3,3,7,7],4,2],[],10,4],[7]]
[[[],[[1,6,0,10,0],[10],1,[6,1,10,6,5],[3,3]]],[[[],10,[2,0,2,3]],7,0,2],[[[10,7,3,7]]],[[7,8,1,3],10,7,[[8,7],[1,7,7,8],8,[5,2,10,0]]],[[[9,9,2],6,8,[9,7]],[],1,7,[[3],[3],9]]]
[ vs [
[ vs [
[ vs ]
[[6,[10,[4,10,10,2,0],0,8,[]]],[9,8],[7,7,[[],[2,2,8,1,9]],5],[8,8,[9,7,0,4,3]]]
[[4,[10],[1,[],[5,9],9]],[[[0,7,10,6,8],1,2]],[4,3,9],[[[2,8],[8,6,7],4],[],[7,10,5,[2,1]],[[1,10,8,8],4,8,2],[10,[0,6,5,6],6,2]],[[[0,7,4],6,[6,10],[3]],[0,9,10,7],7]]
[ vs [
6 vs 4
N: 6 vs 4
[[10]]
[[6,3,6,[7,[2,9,6],9,[]]]]
[ vs [
1 vs 6
N: 10 vs 6
[[8],[[3,[7,0],[],[],[]],4,7,10,10]]
[[],[5,[5],0,6,9]]
[ vs [
8 vs ]
[[8],[],[0,[5,[2,7],3,[1,10,7,1]]]]
[[6,8,6,10,[3,4,[6,3,4,3,6],[0,8,7,9,6],6]]]
[ vs [
8 vs 6
N: 8 vs 6
[[0,10,7]]
[[[4,1,[8,7,4,9,1],9,[2,2]]],[[[1],[7,0,0,4],[5,10,1,10,7]]],[[[7,5],3,[1],[7,4,10,9],[0,10,7]],[[6],[3],2],1],[1,3,[9,0,[9,8,6],7],3,4],[9,[],3,7,[4,8]]]
[ vs [
0 vs [
0 vs 4
N: 0 vs 4
Valid: 63
[[[[9,0,7,7,6],6,[5,5,2],4,[7,5,0,5,10]],8,8],[5,1]]
[[8,7]]
[ vs [
[ vs 8
[ vs 8
9 vs 8
N: 9 vs 8
[[[[6,10],1,[7],8,[3,3,10,7,3]],[[4,6,4]]]]
[[],[2,8,[5,6,[0,2],[6,6,3]],6],[1,[5,[3,9,7,6,0],0,1],9,[0],0],[[3,5,4,5],[0,[9],[2,8,9],6],[[4,6,1,7],[1],[],0],[[9,3],[1],7],10],[]]
[ vs [
[ vs ]
[[],[5,7,[4,8],2],[5,[],8,[10,[6,0,2,3,8],1,2,9],[]],[4,1,1,7],[[],[5,10,8,4],9,6]]
[[[],5,[10,[],[1,6,6],[10,8,4,6,5],7],[0,[10,6],8,1],2]]
[ vs [
] vs [
Valid: 66
[[[[8],10,7,1],[6,8,1,[]],[],[]],[[3,6,10,[5],7],10,[[7,8],[3,5,4]],6,[]],[10,[10,3,[9]]]]
[[4],[[[],10,0],[[9,0],[]],[[4,5,1],[],[5,0,3,6],[3,10,2,9,8],9],7,2],[[[2,2,5,1]],0,9,[[],[7],10,[0,4,0,0,5]]],[[0],[[8,2,5,2],[6],[0]]],[[[1],[5,2,2],7,8,2],8,1,7,9]]
[ vs [
[ vs 4
[ vs 4
8 vs 4
N: 8 vs 4
[[],[[[0],[],[5,5,1,9,8]],[4,8,8,[7,4]]],[7,7,[10,[],[8,9,4],[6,0,5,2,9]],[4,2],5],[]]
[[0,[[9,10],[7,9,9]],[],5,[1,[1],[8]]],[],[],[5,[[]],0]]
[ vs [
] vs 0
Valid: 68
[[[[6,7,0,0,2]]],[[[1,6,3,10,1],[0,9,5,10]],[7,5,7,[]],10,[5,9,3],10]]
[[],[],[0],[[[2,5],7,[7,6],2]]]
[ vs [
[ vs ]
[[[1,2]],[[[],[4,10,8,2],9,[6,9,0]],[[6]]],[1,0,3,[[10]],2],[3,7,4,[]]]
[[[],3,[[5,2,4,8],[4,2,5],[4,5,2,8,10],8,[10,5,6,7,5]]],[]]
[ vs [
[ vs [
1 vs ]
[[4,8,6],[[]],[10,2,0,2]]
[[1,[],[[],[],4,[7]],[[9,1,1,4,7],[0,2,6,10],[7],6,[3,0,2]],0],[[[9,1,9,10],[10,1,9],[],[6,7,5,4,8]],10,[7,[2],4,[7,3]]]]
[ vs [
4 vs 1
N: 4 vs 1
[[6],[],[[2,[7,1,8,7,5],6,6,10],8],[[6,[7,6,4,0,3],6,1,1],9,[8,[7,6,3,4,10]],[8,[3,6,0,0,1],[1,8,9,6,0],3],[[8],3,[],[]]]]
[[[2,10,[]],10]]
[ vs [
6 vs [
6 vs 2
N: 6 vs 2
[[3,[1,8],0]]
[[[3],[[6,9,9]],4,[[],8],9],[[[1,0,7],[2,1,4],[0,9,4,10,2]],[[]],1,1],[[8,10,7],[6],5],[4]]
[ vs [
3 vs [
3 vs 3
] vs ]
[ vs [
1 vs [
1 vs 6
N: 1 vs 6
Valid: 73
[[8,[],[],[3],0],[],[],[],[0,2,[[2,10,6,3],0,[8]]]]
[[1,[[10,4],9,[4,6],[1,6,1,10],[3,5]]],[[[10,6],2,[2,5]]],[6,0,1],[]]
[ vs [
8 vs 1
N: 8 vs 1
[[5],[],[[5,[8,1,7,4,5],2,3],[[10,4,7],10]]]
[[],[3,6,[[2,1,3,5],[7,6,0]],6],[[7,2,10,[2,9,4,0,7]],7],[8]]
[ vs [
5 vs ]
[[[[3,5,4],[9,2,0],[6,2]],[],3,1,2],[9],[10,5,6],[[],10,[10,8]]]
[[8,8,[[6],4]],[[6,9,5,10],9,[3,[],[4]],9,10]]
[ vs [
[ vs 8
[ vs 8
3 vs 8
N: 3 vs 8
Valid: 76
[[[],[0,3,2],[]],[],[6,[[],1,[10,1,0,6],[]],10,5],[]]
[[],[[2,2,[3,10,1,5]],[7,5],[[],[4,4,10,3],6,[7,6,5],[2]],[[10,3],[6,9],1],6],[[0,4,3,[7,1,9]],0,4],[10],[[[7,9,2,7,6],[]],1,[1,[4],[],[0,2,9,5,9]],5,[9]]]
[ vs [
[ vs ]
[[[[7,3,0]]],[[[9,4,0]],7,[]],[7,7,[2,5,9,7],0,9],[[[2,7,1,8,3],[6,6,10],[0,7,9,7,0],2]]]
[[[10,3,[1,3],8,[]],[4,8,[7,2,10],4],[3,[0,7,9]],9],[7],[[7,[8],2],7,[6,8],6,[[9,6],5,7]],[[9,10,3,2]]]
[ vs [
[ vs [
[ vs 1
7 vs 1
N: 7 vs 1
[[],[8],[]]
[[0,[9,2,[],4,[6,5]],5,[8],8],[]]
[ vs [
] vs 0
Valid: 79
[[],[[2,[]],4,[[5,0],[6,4],[3,6]],3],[6,9,[[1,9,1,3,7],[4,1],0,[0,3,6]],0],[[[9]]]]
[[[[7,5],9,10],[[8,10,2,5],[8,9,6,4,9]]],[6,6]]
[ vs [
] vs [
Valid: 80
[[9,[0,0,[5,5,2,5],10],7,8,6],[0,[[8,10],[0,3,9]],0,5],[0,[8,6,0,8,[1]],3],[[9,[3,3,0,2],8]],[3]]
[[2,0,5],[[3,0,[],[]],10]]
[ vs [
9 vs 2
N: 9 vs 2
[[[]],[10,7],[[],1,5],[[[3,3,6,3],6],[[1,6,2,10,1],[1,4,2,6,7],[0,3,6,5,3],1],5,7,0]]
[[],[],[[[4],[9,4]],[6]]]
[ vs [
[ vs ]
[[5,[]]]
[[],[0,[[2,9],3],6]]
[ vs [
5 vs ]
[[[7],[],[9,[],[6],4,[2]]],[8,10,[[],4],[[9,6,2,10],[0,0,0,4,3]],[1,[2],[5],[0,6,10,8]]]]
[[[[1,2,1,2],4,[5,8]],0,1],[10,3,2]]
[ vs [
[ vs [
7 vs [
7 vs 1
N: 7 vs 1
[[[],[],0],[[1,2]],[7,6,[[5,1]],[]]]
[[7],[[3,4,[1,0,5,10]],[[]]],[],[3,[7],3,4]]
[ vs [
[ vs 7
] vs 7
Valid: 85
[[[[]],9,[10,6],[6,[],10],[]],[[4],1,[3,[6,7,9],[3],[10]],5,[3,[7,3,2],[5,5]]],[9,0,9],[[[],3,[7,9,10,7],[],[3]],1,4,2],[]]
[[0,4,[[],[6,0,5,7]],[[9,0,8],9,[10]],[1,[3,7]]],[],[0],[[[5,5],7,6,[9,6,0,3,3]],0],[[8],7,[[2,7,5,6]]]]
[ vs [
[ vs 0
[ vs 0
] vs 0
Valid: 86
[[1,[8,[9,0,10,4],4,10],8]]
[[3],[[7,6,5,8,0],[[5,8,3]],[[6],[10,1,10,1],3,4,2],3,9],[[[3,8,9,5],9,4,[],7],[8,7,7],5]]
[ vs [
1 vs 3
N: 1 vs 3
Valid: 87
[[[4]],[[],[0,[],[4,10,0,0,10],[10,10,2,9]],[],2,[[1,10,9,10],1,7]],[1,[[4,6],1,[]],[[]],6]]
[[],[7,[[0,4,1,0],2],[[],7,[0,7,3,8,0]]],[[[4],[3,3,7,7],[10,1,0,4],[],[7,7]],[[7,3,8,3,6]]],[2,[[3,3,2,3],10,[9,0,2,10],5],6,[6,[2,1]]],[[[]],3,[[7,9,0],[],[6,1,9]],1,[8,[0,5,3,1,5],[4],3,0]]]
[ vs [
[ vs ]
[[1,[[5,2,10,3],[1,3],[7]]],[[[1,4,0,9],5],[[2],0,5,[0,4]]],[]]
[[7],[[3],0,[[10,10,4,9,3],0,0,9],9,[[4,5,5,8,10]]],[7,[[10,7,10,10,9]],[0,[9,9,10]]],[0,[[10,9,8,1],7,4,[2,3],6],4,[[4],[5,5,10]]]]
[ vs [
1 vs 7
N: 1 vs 7
Valid: 89
[[[3],[2,[3,3,7]],1,[[3,9],6,[6,4,10],4]],[[],[[0,3],1]]]
[[[[],8,1,[1]],[9,9],4,8],[]]
[ vs [
[ vs [
3 vs [
3 vs ]
[[],[5,0,[[0,9,4,0,6],6,6,7,[7,4,9,4,10]],7,[9,[7],3,[5,0,4,6,5],[1,10,10]]],[],[[[],[10,5]]]]
[[[],[5,2,[9,3],[9],6],[0,3,6,[10,0],6],10],[9],[1]]
[ vs [
] vs [
Valid: 91
[[],[]]
[[[[4,1],[2,3,9,2,6],0]],[7,[[1,8,10]],6],[[[8,2,3,5,1],8],[[],9],7]]
[ vs [
] vs [
Valid: 92
[[[3,[6,6]],7,1,[[2,4,3],[3,8,5,7],0,[8,5],[]],[5]]]
[[[]],[],[5,9,7,[],5]]
[ vs [
[ vs [
3 vs ]
[[[[3,6],4],8,3,8,9],[0,6,5,[[10,5],[6,9,9,1],[4,0,1,0,0]],7]]
[[7,5,[[7,7,1]],6],[10,[3,7,4,3,[2]]]]
[ vs [
[ vs 7
[ vs 7
3 vs 7
N: 3 vs 7
Valid: 94
[[[7,5,[5,10],3,10],1,[1,[1,6,6,10,6],8],[[6,9],10,5,3],[[],10,5,[5,4],[5,5,4,4]]],[3,9,[[3,7,5,9]],7,2],[4,[4,3,[0,1,6,9],[0,9],[3,4,9,7]],10,[[],0,[0]]]]
[[8],[6,[5,[]],9,[[5],4,[4,0,3,6],[3]]],[1,[10,[3]],5]]
[ vs [
[ vs 8
7 vs 8
N: 7 vs 8
Valid: 95
[[9],[[6,[7,10,8,4,6],5,[2,7,3,4],6],10],[[1,9,[8],7,0],7,9],[7,4,3,6]]
[[4,2,2,[7,[8]],[2,4,[0,4,8,6],5]],[[5,[3],0],[[1,5,1,6]],[5,[5],[6,3],[]],8],[7,[4,[]]],[[],10]]
[ vs [
9 vs 4
N: 9 vs 4
[[],[0,[],9],[]]
[[],[4,9],[9],[]]
[ vs [
] vs ]
[ vs [
0 vs 4
N: 0 vs 4
Valid: 97
[[[],[9],7,[7,0,[0,9],8,9]]]
[[5,8,[[9,2,9,4,7],9,[0,3,6,6,2]],8],[[10,2,0,7],10,0,10],[]]
[ vs [
[ vs 5
] vs 5
Valid: 98
[[[3,[],7,0,6],[9,[6,6],[10,1],8,6],10]]
[[6,10,7,6,[10,[],[2,6,0,1]]],[],[8]]
[ vs [
[ vs 6
3 vs 6
N: 3 vs 6
Valid: 99
[[[],[0],[1,7],1],[[[],[10],[0,5,8,8]],[5,5,[8,6]],0,[10,[],[10,6,7,3,10]],4],[[3,1,[6,1]],1],[[[8],10,2,[],8]]]
[[5],[[[1,2],5,[4,5,10]]],[7,[0,[],5,[1]],[5,3],5],[1,[[7,8],8,[8],5,[9,4,2,2,10]],6,0,[1,3,0,2,[2,10]]]]
[ vs [
[ vs 5
] vs 5
Valid: 100
[[[[10,6],[0,7,5,7,3],[5,4,2,5],7],2,1,[7,3,2,[4]],[[2,7],[2,6]]],[[[2]],4,0,[2,[],[3]]],[[7,1,[7,7],5,[2,10,7]],[],8],[2,0,8,3,[]]]
[[[],[]],[[10,[]],0,[5]],[[[9,8]],10,[5,[7,0,4]],[[5,8],3,1,[10,8,7,7,5]],[1]]]
[ vs [
[ vs [
[ vs ]
[[10,10,6,[[3,7,6],8,6,0,[]],[[5,2,0,6,3],[9,4,3,8],4,[3]]],[10,6,10,[8,[0,4,8],8,[8,8]],[4,9,[8,10,5,2],[7,1],9]],[[[6,5,7,3],[8,2,5]],1,[1,[],4,2],[[],10,0,[2,2],[1,7,1]]],[0,8,[[1,8,9]],9],[7,[],5,0]]
[[2,[[],7,7],10,[6,3,7,[]],[2]],[[[9,9,5,4],8,[7,1,2,10,5]]],[[[4,7],[7,3,0]]],[[[9,6,3],[6,4,2,10],[6,3]]],[]]
[ vs [
1 vs 2
N: 10 vs 2
[[4,[4,[6,5,4],[10,4,0,8]],[[8],10,[7],[9]]],[[[6,6,9,10,0],[],[3,4,2,8],[9,9,9,10,7]],[7,[10,8,7,9],[9,7],5]],[],[4]]
[[],[[1,[0,0,9,1],3,[9,7],[10,2,2,10]],4],[[[]],[8,3,3,2,1],4,3],[[]]]
[ vs [
4 vs ]
[[[6,1,[6,1,8]],[0],[[6,7,9],[5],5,10,6],[[10,2,0,6,6]],[]]]
[[5]]
[ vs [
[ vs 5
6 vs 5
N: 6 vs 5
[[8],[9,[[8,8,4],5]]]
[[2,[[5,2,4,3],1,1,2],1,[2,[3,4],2,4,5]]]
[ vs [
8 vs 2
N: 8 vs 2
[[],[0],[],[[[7],[0,4,7],8],[[4,0],[10],[0,8]],3,[4]]]
[[[[],[5,9,2],5,[4],[]],[],[]],[1,8,6,[[0],9,[1,8,1,1,6]]],[8,[9,7,8]],[],[[[8],[7,1,1,10],3,[5,9,2,5],[0,10]],[5,[8]],2]]
[ vs [
] vs [
Valid: 106
[[[[5]],[7,1,[6,4],1],5],[1,0,9,5,[0,8,10,[1,2,0,10],7]]]
[[2,8,9,7],[0,[1,[]],[[2]]]]
[ vs [
[ vs 2
[ vs 2
5 vs 2
N: 5 vs 2
[[],[],[]]
[[9,5,3,2],[[[3,1,3,2],5,[9,5,1,9,1],[1,7],3],[[7,8,4,7],[3,8,3,1],8],[0,[9,0,7]],10,[[8],[5,8,5,9,1],0,8,3]],[[7,10,7,[1,9],[]],[8,[10,1,4],[],[],8],7,2,[]],[[[],[]]]]
[ vs [
] vs 9
Valid: 108
[[],[[[9,0,2,2],[],[6,3,6,0]],[[5,3,6]],[9],[6,[4,6,2],10]],[0,[8,[2,1,8,3]]],[1,7],[[[2],[4,3,1,3,3]]]]
[[[9,0,[6,8,1],[6,9,3,4,5],[]]],[8,2,[10,6],[8,[1,5,7],7],6]]
[ vs [
] vs [
Valid: 109
[[3,10],[]]
[[[10],[4,[],2]]]
[ vs [
3 vs [
3 vs 1
N: 3 vs 10
Valid: 110
[[[]]]
[[[],8,[[9,10,8]]],[],[]]
[ vs [
[ vs [
] vs ]
] vs 8
Valid: 111
[[],[9],[2,10,9,5],[[],[4,2,10,[]],6],[[],[5],1]]
[[[4,[9],9,8],[],[[0,0,4,4]]],[[[10],[],[9,9,6,4]]],[4,7,[],3,1],[5,[[3,1,9],[],[]],1]]
[ vs [
] vs [
Valid: 112
[[7,8,2,7,6],[],[[[0,3,0,8,5],[0,6,9],2,[7],[]],8,9,3],[[],[[5],1,[2,10,2],[2,7,3,6,6]]],[7,1,7]]
[[6,4,6,[[0,7,1,8],[7,1],5,1]],[[[9,9,9,0,3],[8,8],[]],4,[[3,8,10,5,4],3,[]],10,2],[[]],[[0,2],[[9,3,10]],[[8,3,8,1,10],[1,8,9,5],10,[1,9,0,7,3]],[0],[[8,1,10,9,10],[4,4],1,0]]]
[ vs [
7 vs 6
N: 7 vs 6
[[5,2,9,[[3],0,[0,7,7,1,4]],[[8,0,9,8]]],[[[0,9,6,10]],6],[8,[[3],[10,0],5,[8,2,2,6],[]],0,1,[]],[[[3,2,5,6],[],[3,2,5],[10]],[[]],10,[],7],[5]]
[[],[[[]],[[1,0,10],[10,9,5,5,9],8],4,10,6],[[4,4,10,[9,9,2,1],8],[],[6,[0,5],9,3,[8,5,6,10,3]],10,[[5,10,6],0,[4,3,1,8],[5,7]]],[],[[],3,8,3]]
[ vs [
5 vs ]
[[9,4,[[1,1,0,2,7],[4,1],2,2],[[3,7,10,10,5]]],[[]],[3],[2,10,10,[[1]]],[5,[7],[[],[5,1],[2,3,3],9,[]]]]
[[[],[6]],[[],2],[10,[5,[9,5],4],[5],[9,4,2,[6,9,8,8,6],[]]],[[2,[10,2],7,1,9],10,3,[[],[1,7,8,3,8],[6,6],5]],[]]
[ vs [
9 vs [
9 vs ]
[[[[],8,[9,3,7,4],[4,7,2,0,10]],[],[[5,8],[4,0]],5],[[5,[9],10,[10,4,0],5]]]
[[[[7,4],[3,9,5,7],6,[1,10]],6,9,10,5],[],[8,[[],3,[5,6,3,2,4]],[[2],[8,0,5]]]]
[ vs [
[ vs [
[ vs [
] vs 7
Valid: 116
[[],[[[3,2,1,2],5,9,4],4,[[1,8,3,7],[1,4,1,10],5,9,1]],[3,[7,7,[1,8,1,1,6]],3,[[]],8],[[],[],3,[],0]]
[[[7,4,[0,7],0],0]]
[ vs [
] vs [
Valid: 117
[[10,[[5,6,1,3]],[[],1],2],[8],[],[]]
[[5,[[1,5],2,7,[4,4]],6,9,[10,5]]]
[ vs [
1 vs 5
N: 10 vs 5
[[4,[10,[8,9],8,9],[3,[0,9],[0],5],4,4]]
[[[5,[2,5,2,5],[3,9],2,2],5]]
[ vs [
4 vs [
4 vs 5
N: 4 vs 5
Valid: 119
[[[[3,7,9],[],9],3,3],[0,[[0,5,6,8],[5,3,10],0,[5]],6,[0,[9,7,7],[],7],[5,[6],10,[0,1,9,7],[3,7,6,3]]],[1,[],[[],2]],[]]
[[],[6,[6,1,9,[4,9,2,3],[4,0]],[[5,4],8,4],[],[]],[],[4,8,3,6,6],[8,6]]
[ vs [
[ vs ]
[[0],[[[],[9,6,9,8,7],[5,8,0],[7,4,9,1,3],9],1,[[9],[7,0]],3]]
[[0],[[5,[],[2,9],[8,2]]],[7,[[6,1],[4,9,5,0,10]],[[],[3,1,4,7],[6,5]]]]
[ vs [
0 vs 0
] vs ]
[ vs [
[ vs [
[ vs 5
] vs 5
Valid: 121
[[[5,0],[[9,9,3,4,3],4,10,9]],[3],[[]],[9]]
[[[],[8,4,[10,7,10],[10,4,5],[3,6,4,8,0]]],[10,[[0],3],[8,6,[],9,[9,4,0,7]],8]]
[ vs [
[ vs [
5 vs ]
[[],[5,[4,[9],[8,7,8,2],2,9],[]],[]]
[[1,10,6,10],[[[8],[],7,[0,6]],6,9,[9,9,[2,10,0,0,6],0,[]],0]]
[ vs [
] vs 1
Valid: 123
[[[[0,8,1,2,7],2,[1,6,3,6,8],6,10]],[2,[]],[],[[1,3,3],9,[3,[8,8],[10],7,2]],[]]
[[9,6,[[4,4],[2],10],6],[6,[[8],1],[9],[9],4]]
[ vs [
[ vs 9
[ vs 9
0 vs 9
N: 0 vs 9
Valid: 124
[[8,[6],[[9,6,3,3,4],2,[],5],[7,10]],[],[8,[4],4,8]]
[[8],[9,9,[[9,0,9,2,9],[6,3,7,7]],[],[[1,3,9,8,6],[9]]]]
[ vs [
8 vs 8
[ vs ]
[[],[],[5,[6],4,[[3,8,3,1,0],2,[10,9,0],[0,6,3]],7],[1,2,7]]
[[[[0],[2],9,1,7],[],2,[[9,5,7,2],4,[7,6],[6,0,5,8,9]]],[10,8,[[0],[9],[1,1,2,7,1],7]]]
[ vs [
] vs [
Valid: 126
[[9,2,1]]
[[3,[1,4],3,6,9],[[[3],[9,1],[5,4],[2,2]]]]
[ vs [
9 vs 3
N: 9 vs 3
[[[],[9,[6,4,10,5,7],6]],[[[0],[2,6,10,6,3],0,9,9],[[0,7,5,5]]],[8,7,10,[2,[7,8,8,1,10],[]],[6]]]
[[],[[[1]],10,0,[[1,10,2],[4,6,7,10]],[2,0,7,[0,8,5,3,4],3]],[]]
[ vs [
[ vs ]
[[],[],[[[8,9],[7,2,10,3,8]],[9,[0,3,0,0,1],7,10,6],7]]
[[4,[],[],3,[2,[2,10,4,1,3],[6,4],2]],[],[[],1,2],[[],6],[3,[5,10,[4,3,7,0,8]],3,[[]],[]]]
[ vs [
] vs 4
Valid: 129
[[[],[[9,10,0,1],8,6],7,[[8,6,0,2],9,8,[9,9,0]]],[[6,[5,1,7,10,3]],5,6,[2,8,[0,3,3],[],[9,0,0,6,9]],6],[[[3,5,4,3,8],6],[],[],[1,1,8,4,[0,8,2,6]],[[1,8,3,1],0]],[2,5,5,[[9,3],8,3]],[]]
[[10,8]]
[ vs [
[ vs 1
] vs 1
Valid: 130
[[[],2],[[],3,8,[],0],[[[8,2,10,5],[1,0],[8,7,10,0],5,[10,7,9,2,5]],[1,1,0],9,10,[[10,9,5],[4,8,6,5,1],[4,7],[4]]],[2,3],[6]]
[[5,2],[10,[3,[],10]]]
[ vs [
[ vs 5
] vs 5
Valid: 131
[[[3,[1,10],4],8,[[0,3,9,7,7],9,[10,0,1,9,6],[8,9,8]],6,2]]
[[8,5,1,[[],[8],0,[]]],[0,[4,[6,3],[8],5,2],[1,[6],3,9],4,[[],[0,9,9,9,6],7,[4,3,5]]],[8,9,[[10,8],[9,7,2,10,5],2],2,3],[[[5]],3,[[5,8,0,7],[5,10],1],[[6,10,3,0],3,[8,3,4],2,6],[]]]
[ vs [
[ vs 8
3 vs 8
N: 3 vs 8
Valid: 132
[[0,3],[],[],[[[8,0,5],6,5],[[3,4],8,[]],1,[[1,6],9],3],[0,[[],3]]]
[[[[10,5,1]],[],2],[[[6,8,10,0,7],7,[9,9,9]],[[8,10,0,10,0],[4],[10,8,6,6]],10,[10,0],[[6,2,9,5,8],0,[1,10,7,8,4],1]],[5,9,[4,5,5,5],[],[3,7]],[[[4],[0,10,1,1,7]],[[0,7,10,3],[],7,[4,7],6]],[]]
[ vs [
0 vs [
0 vs [
0 vs 1
N: 0 vs 10
Valid: 133
[[10,[]],[[[6,7]]],[],[5,[8,[1],3,8]],[]]
[[[[0,10,7,0]]],[[9,[0,1]]],[]]
[ vs [
1 vs [
1 vs [
1 vs 0
N: 1 vs 0
[[7,6,0,6],[]]
[[7],[[1,10,4,[4],10],[[3,4,10],10,[9,2,1],[1,7,0,9]]],[0,9,[[2],[],[1,0,3],[5,10,9,1]],3],[],[]]
[ vs [
7 vs 7
6 vs ]
[[10,3],[],[]]
[[],[[[],[5,8,6,9],1,[9,1,5,6],5],0,[6],5,9],[[[],4,[7]],[[6,3,1]],[0,[7,6,8],[2,4,7]],9,3],[6,[9,9,2],2]]
[ vs [
1 vs ]
[[[[1,3,9,5,0]]],[],[3],[3,1,[[10,8,5],3,[5,2],2]]]
[[0,[[1,0],7,2],9],[7,6,[[5],6,10,[6]]]]
[ vs [
[ vs 0
[ vs 0
1 vs 0
N: 1 vs 0
[0,7,9,5,2]
[0,7,9,5]
0 vs 0
7 vs 7
9 vs 9
5 vs 5
2 vs ]
[[[[]],4,5,[0,5],8],[8],[1,[[0,10,8,4,6],7,[6,8,8],[7,8,7]],[7,0,[0,0,10,1],[3,2],[7]],[],[9]],[0,4]]
[[10,[2,[1,0,8,1],3],8],[],[2,[8,9,3,[5,7,7],[0]],3,6],[[[3,5,7,2]],[8,[1,4,0,5],[2,4,8],[],4],3,[[6],8,[0,6,5,8],5,[10,5,3,5,4]]]]
[ vs [
[ vs 1
[ vs 1
] vs 1
Valid: 139
[[5,[],4],[[1,7,7,[5,5,4,4,6]]],[1,[],[[0],0,1,[3,0,7,4],1],[[10,5,10],0]],[6,0,[[3],[9,6,6],[1],[7,8,7,7,1],5],2]]
[[[6,[2]],[2,[5,2,10,10]],1,10],[[]],[]]
[ vs [
5 vs [
5 vs 6
N: 5 vs 6
Valid: 140
[[1,6,3]]
[[[],[]]]
[ vs [
1 vs [
1 vs ]
[[[7,9,[1,9,9,7],1,4],0],[[3,4]],[7],[[3],[4,[9]],4],[7,[1,3,[9,6],8,6]]]
[[[2],4],[[1],5,[[2,10,3],[9,2,3,0],1,8,[1,7]],[10]],[8,2,[],2],[[],3,5],[4,[6,[2,2,8,0],2,9],0]]
[ vs [
[ vs [
7 vs 2
N: 7 vs 2
[[6,8,0,7],[[[6,1],10]],[[[0,2,9,0,10],5,[1,8,7,0,6],[6,3,6],[10,1]],[[0],[5,2],10],1,[2,[8,2],[5]],[[3,4]]]]
[[5],[0,[3,[],8,7,1],2,7],[6,[[],6,[4,9,3,5,6],[0,1,2],[3]]],[]]
[ vs [
6 vs 5
N: 6 vs 5
[[1,1,[],[6,[2,8,7,3,5]],4],[7,[[9,1,6,3],2,2],[[4,2,3,9],[4],[10,7,0],4,[10,0,1]],4,2],[[[9,1,2,3,3]]],[6,0,[[0,1,7,3,6],[9,7],10,[4,6,1,3],[3,9,4,10,5]]]]
[[[[6,8,0,1],[],[3,4,3]],10,7,6],[],[[[3,10,0],[9,6,10,5,1],6,6,5],2],[6,5,[[9,3],[4,0,7,10],9,2,[9,9,10]],8,[]]]
[ vs [
1 vs [
1 vs [
1 vs 6
N: 1 vs 6
Valid: 144
[[7,[5,[],6]],[[5],0,[[0,10,6]]]]
[[2,[],[0,4,[1,9],0,9],9,6],[8,[2,2],[[6,6,1,2,8],2],[[5]]]]
[ vs [
7 vs 2
N: 7 vs 2
[[[[9,6,2]],[[1],[6,7,2,5]],[]]]
[[[[3,4,10,10],[10,7],[]],[],[[0,9,1],3],[0,1,1],[7,[]]],[0,[[3,9]],5],[5],[1,[[],8,8,[3,7],[9,8,1,1]]]]
[ vs [
[ vs [
[ vs [
9 vs 3
N: 9 vs 3
[[[7,9,3,[5,9,3,0]]],[7,1,10],[]]
[[[[10,4,3,1]],5,[[3,1,8],7,[9],[5,8],[1]]],[0]]
[ vs [
[ vs [
7 vs [
7 vs 1
N: 7 vs 10
Valid: 147
[5,1,2,5]
[5,1,2,5,4]
5 vs 5
1 vs 1
2 vs 2
5 vs 5
] vs 4
Valid: 148
[[],[7,2,[1,[5,8],[7]],[[],6]],[[],9],[[[3,7,1,9,9],8,6],4,9]]
[[[3,[],5],[5,[10,1,1,4]],[[7,3],[10,10,1,9,7],1,1],[5,[6,8,0,2]]],[[6,[0,7]],6,[10,[5,1]]],[],[],[[],[]]]
[ vs [
] vs [
Valid: 149
[[9,5,8,7,[[9]]],[0,10,[6,10,[3,9,7,8]],[],3]]
[[7,7,[9,[9],[10,5,4,4,2],5]],[5,6,[10,8,0,[8,1,6,9],[1,1]]],[],[[],[1,4,[7,7,0]],[[9,7,1],[5,8,2,1],2,[4,7,7,6],2],[[9,1,6,10]],10]]
[ vs [
9 vs 7
N: 9 vs 7
